87
0  0.000040
1001  0.001780
1010  0.007243
100000  0.104520
100001  0.000647
100010  0.014324
100011  0.001012
100101  0.001821
100110  0.022175
101000  0.000283
101001  0.000283
101010  0.000162
101100  0.007122
101101  0.004613
101110  0.007972
101111  0.013030
110000  0.006434
110001  0.002792
110010  0.002509
110011  0.001335
110100  0.000890
110101  0.001173
110110  0.001012
110111  0.001619
111000  0.001497
111001  0.000809
111010  0.001254
111011  0.022013
111100  0.021972
111101  0.014284
111110  0.021972
111111  0.001214
1000001  0.002913
1000010  0.000445
1000011  0.001133
1000100  0.002792
1000101  0.002468
1000110  0.002226
1000111  0.000243
1001000  0.000728
1001001  0.001093
1001010  0.000081
1001011  0.000121
1001100  0.001780
1001101  0.001578
1001110  0.001619
1001111  0.000769
1010000  0.001133
1010001  0.000040
1010010  0.001254
1010011  0.002873
1010100  0.005179
1010101  0.000283
1010110  0.000121
1010111  0.000202
1011000  0.000040
1011001  0.000202
1011111  0.001780
1100001  0.055517
1100010  0.014324
1100011  0.027678
1100100  0.021689
1100101  0.093675
1100110  0.007567
1100111  0.014648
1101000  0.013191
1101001  0.039251
1101010  0.001295
1101011  0.001457
1101100  0.036459
1101101  0.013920
1101110  0.041436
1101111  0.041840
1110000  0.022296
1110001  0.009428
1110010  0.053535
1110011  0.048436
1110100  0.056812
1110101  0.040424
1110110  0.011209
1110111  0.004087
1111000  0.002104
1111001  0.003439
1111010  0.001052
1111100  0.000202
10110100  0.000040
11100111  0.000081
