87
0   0.000040
9   0.001780
10   0.007243
32   0.104520
33   0.000647
34   0.014324
35   0.001012
37   0.001821
38   0.022175
40   0.000283
41   0.000283
42   0.000162
44   0.007122
45   0.004613
46   0.007972
47   0.013030
48   0.006434
49   0.002792
50   0.002509
51   0.001335
52   0.000890
53   0.001173
54   0.001012
55   0.001619
56   0.001497
57   0.000809
58   0.001254
59   0.022013
60   0.021972
61   0.014284
62   0.021972
63   0.001214
65   0.002913
66   0.000445
67   0.001133
68   0.002792
69   0.002468
70   0.002226
71   0.000243
72   0.000728
73   0.001093
74   0.000081
75   0.000121
76   0.001780
77   0.001578
78   0.001619
79   0.000769
80   0.001133
81   0.000040
82   0.001254
83   0.002873
84   0.005179
85   0.000283
86   0.000121
87   0.000202
88   0.000040
89   0.000202
95   0.001780
97   0.055517
98   0.014324
99   0.027678
100   0.021689
101   0.093675
102   0.007567
103   0.014648
104   0.013191
105   0.039251
106   0.001295
107   0.001457
108   0.036459
109   0.013920
110   0.041436
111   0.041840
112   0.022296
113   0.009428
114   0.053535
115   0.048436
116   0.056812
117   0.040424
118   0.011209
119   0.004087
120   0.002104
121   0.003439
122   0.001052
124   0.000202
180   0.000040
231   0.000081
